829.0574164390564
1308.2327601909637
829.3774747848511
1392.8000483512878
848.3400278091431
1445.4534635543823
806.0072870254517
1367.890771150589
798.615068435669
1344.257027387619
803.6831364631653
1298.2477750778198
825.767507314682
1335.4013149738312
799.4436140060425
1344.7728781700134
773.1542298793793
1521.0585279464722
807.0905349254608
1596.4830708503723
792.4288830757141
1611.9115419387817
784.6067848205566
1559.2513976097107
768.8430197238922
1608.6405415534973
820.1968951225281
1682.3407332897186
1072.4017052650452
2070.260359764099
282.8520221710205
285.71554040908813
847.7663626670837
291.3364841938019
1030.8702929019928
882.2022860050201
1568.8880043029785
788.416252374649
1534.4051096439362
758.8270592689514
1538.783716917038
784.1700849533081
1521.4632723331451
730.3423697948456
1554.0892527103424
739.9156875610352
1616.0675592422485
730.5537724494934
1620.2833244800568
725.0367386341095
1673.8869836330414
737.3332312107086
1688.2684841156006
737.955319404602
1631.256936788559
